1628.75
1613.63
1606.51
1621.04
1618.16
1610.61
1630.75
1640.17
1635.47
1645.89
1647.84
1638.35
1629.93
1621.49
1624.74
1627.63
1631.99
1621.18
1613.42
1604.95
1605.75
1616.67
1619.29
1620.49
1619.67
1623.07
1613.98
1631.87
1630.37
1633.47
1626.55
1650.43
1650.06
1654.11
1653.6
1501.82
1524.28
1603.65
1622.49
1636.68
1652.1
1645.81
1650.36
1651.55
1649.88
1653.52
1657.51
1649.55
1649.09
1646.41
1638.65
1625.8
1628.64
1632.22
1633.65
1631.17
1635.8
1621.27
1624.7
1616.13
1618.12
1627.8
1625.79
1614.8
1612.8
1605.47
1609.32
1607.48
1607.48
1604.89
1589.12
1582.27
1567.99
1568.16
1569.71
1571.74
1585.41
1570.01
1561.89
1565.18
1570.34
1577
1590.29
1572.72
1572.07
1579.19
1588.73
1586.01
1579.77
1572.58
1568.09
1578.21
1573.94
1582.06
1610.18
1605.16
1623.84
1615.26
1627.08
1626.97
1605.7
1589.7
1589.7
1603.26
1599.75
1590.86
1603.5
1589.86
1587.92
1571.06
1549.81
1549.36
1554.65
1557.52
1555.31
1559.76
1548.44
1543.99
1550.21
1557.03
1551.78
1562.89
1570.28
1559.26
1545.87
1542.77
1542.77
1542.77
1542.77
1564.27
1577.26
1577.26
1577.26
1598.19
1604.05
1604.69
1593.65
1581.68
1599.14
1613.82
1620.45
1629.51
1663.7
1664.09
1669.29
1685.14
1687.07
1680.13
1671.84
1669.52
1686.71
1685.51
1671.01
1683.06
1685.7
1685.66
1678.77
1685.85
1683.71
1686.59
1683.73
1679.14
1685.03
1680.81
1676.17
1688.46
1696.55
1690.24
1711.35
1711.29
1729.86
1716.63
1743.36
1745.17
1746.76
1749.29
1763.86
1762.27
1762.29
1746.77
1753.5
1753.21
1739.88
1723.92
1734.42
1723.13
1732.92
1729.89
1725.74
1730.9
1714.17
1716.2
1719.06
1718.21
1698.84
1714.76
1718.35
1706.69
1723.37
1716.18
1738.78
1737.41
1714.77
1724.24
1733.77
1729.96
1734.46
1744.35
1746.88
1746.88
1746.88
1747.47
1753.1
1745.17
1745.72
1742.92
1731.68
1731.18
1728.09
1728.09
1731.29
1733.82
1745.78
1752.57
1748.13
1750.7
1747.91
1745.79
1735.34
1719.92
1763.59
1766.76
1785.4
1783.56
1804.42
1812.33
1799.51
1792.8
1792.8
1806.36
1798.23
1800.62
1786.19
1791.35
1789.05
1789.05
1784.71
1789.45
1779.74
1786.97
1773.25
1781.62
1773.75
1773.75
1776.34
1770.72
1772.39
1762.55
1764.35
1752.83
1755.98
1754.95
1759.9
1759.84
1776.5
1769.98
1766.98
1752.29
1760.17
1750.32
1731.44
1735.51
1733.84
1730.78
1699.46
1652.71
1654.09
1636.81
1622.81
1613.36
1617.78
1617.18
1637.62
1622.2
1608.49
1605.11
1609.61
1624.94
1618.07
1611.96
1578.95
1561.39
1547.87
1548.63
1560.16
1554.76
1531.87
1526.14
1509.03
1530.03
