16.9969
16.5969
16.3012
16.1018
17.0998
16.8997
16.8002
17.4001
17.0998
16.9996
16.6991
17.3993
17.2002
17.4013
17.4029
17.0015
17.2965
17.1966
17.4013
16.802
17.1
17.3995
17.3995
17.5008
17.3998
17.6
17.4
17.3
17
17.8
17.5
18.1
17.5
17.4
17.4
17.1
17.6
17.7
17.4
17.8
17.6
17.5
16.5
17.8
17.3
17.3
17.1
17.4
16.9
17.3
17.6
16.9
16.7
16.8
16.8
17.2
16.8
17.6
17.2
16.6
17.1
16.9
16.6
18
17.2
17.3
17
16.9
17.3
16.8
17.3
17.4
17.7
16.8
16.9
17
16.9
17
16.6
16.7
16.8
16.7
16.4
16.5
16.4
16.6
16.5
16.7
16.4
16.4
16.2
16.4
16.3
16.4
17
16.9
17.1
17.1
16.7
16.9
16.5
17.2
16.4
17
17
16.7
16.2
16.6
16.9
16.5
16.6
16.6
17
17.1
17.1
16.7
16.8
16.3
16.6
16.8
16.9
17.1
16.8
17
17.2
17.3
17.2
17.3
17.2
17.2
17.5
16.9
16.9
16.9
17.0001
16.4999
16.6996
16.8001
16.7013
16.6985
16.6005
16.5
17
16.7
16.7
16.9
17.4
17.1
17
16.8
17.2
17.2
17.4
17.2
16.9
16.8
17
17.4
17.2
17.2
17.1
17.1
17.1
17.4
17.2
16.9
16.9
17
16.7
16.9
17.3
17.8
17.8
17.6
17.5
17
16.8999
17.1
17.2002
17.3998
17.5001
17.9
17
17
17
17.2
17.3
17.4
17.4
17.0001
18.0001
18.2001
17.5999
17.7996
17.6992
17.2002
17.4027
