8
8
7.4
8
8
8
8
8.8
8.4
8.4
8
8.2
8.2
8.2
8.4
8.4
8.4
8.6
8.8
8.6
8.6
8.6
8.6
8.6
8.8
8.9
9.1
9.5
8.5
8.4
8.3
8.2
8.1
8.3
8.4
8.7
8.8
8.8
9.2
9.59999
8.99997
8.80002
8.60015
8.59998
8.7995
8.80056
8.59982
8.6
8.4
8.3
8.4
8.3
8.3
8.1
8.2
8.3
8.5
8.1
8.1
7.9
8.3
8.1
8.1
8.1
8.4
8.7
9
9.3
9.3
9.5
9.3
9.5
9.5
9.5
9.5
9.5
9.5
9.9
9.5
9.7
9.1
9.1
8.9
9.3
9.1
9.1
9.3
9.5
9.3
9.3
9.3
9.9
9.7
9.1
9.3
9.5
9.4
9
9
8.8
9
8.8
8.6
8.6
8
8
8
8
8.6
8
8
8
7.6
8.6
9.6
9.6
10
9.4
9.3
9.2
9.5
9.5
9.5
9.9
9.9
9.5
9.3
9.5
9.5
9.1
9.3
9.5
9.3
9.1
9.3
9.1
9.5
9.4
9.5
9.6
10.2
9.8
9.6
9.6
9.4
9.4
9.4
9.4
9.6
9.6
9.4
9.4
9
9.4
9.4
9.6
9.4
9.2
8.8
8.8
9.2
9.2
9.6
9.6
9.8
9.8
10
10
9.4
9.8
8.8
8.8
8.8
8.8
9.6
9.6
9.6
9.2
9.2
9
9
9
9.4
9
9
9.4
9.4
9.6
9.4
9.6
9.6
9.6
10
10
9.6
9.2
9.2
9.2
9
9
9.6
9.8
10.2
10
10
10
9.4
9.2
9.6
9.7
9.7
9.8
9.8
9.8
10
10
8.6
9
9.4
9.4
9.4
9.4
9.4
9.6
10
10
9.8
9.8
9.7
9.6
9.4
9.2
9
9.4
9.6
9.6
9.6
9.6
9.6
9.6
9
9.4
9.4
9.4
9.6
9.4
9.6
9.6
9.80002
9.8
9.79994
9.60007
9.19998
9.60001
9.20003
9.19997
9.59985
9.60002
9.60052
9.59942
9.60019
9.6
10
10
10.4
10.4
9.8
9
9.6
9.8
9.6
8.6
8
8
8
8
8.4
8.8
8.4
8.4
9
9
9.4
10
10
10
10.2
10
10
9.6
9
9
8.6
9
9.6
9.6
9
9
8.9
8.8
8.7
8.6
8.3
7.9
8.5
8.7
8.9
9.1
9.1
9.1
